radial_zones (PDR-0006: windows, not gates) - 25 windows, 49 refuel events, zones=0,1,2|3,4,5|6|7,8,9

-- zone core (stations [0, 1, 2]) - fuel_starve=NoStockout (RECORDED; either answer is a finding - OD-4) --
  window_close  traffic  robs  fuel_stock  price_max  alerts
          2000       27    12          15      10000       0
          4000       32     8          45      10000       0
          6000       35     6          85      10000       0
          8000       35     3         135      10000       0
         10000       41     3         205      10000       0
         12000       33     1         250      10000       0
         14000       31     2         295      10000       0
         16000       29     1         350      10000       0
         18000       31     0         403      10000       0
         20000       25     0         437      10000       0
         22000       24     0         474      10000       0
         24000       31     0         523      10000       0
         26000       32     1         584      10000       0
         28000       30     1         649      10000       0
         30000       36     3         719      10000       0
         32000       33     0         782      10000       0
         34000       34     1         836      10000       0
         36000       33     1         904      10000       0
         38000       36     1         949      10000       0
         40000       39     0         997      10000       0
         42000       43     2        1052      10000       0
         44000       48     4        1082      10000       0
         46000       42     0        1131      10000       0
         48000       41     1        1198      10000       0
         50000       38     2        1232      10000       0

-- zone mid (stations [3, 4, 5]) - fuel_starve=NoStockout (RECORDED; either answer is a finding - OD-4) --
  window_close  traffic  robs  fuel_stock  price_max  alerts
          2000        9     7          17       9325       0
          4000       12     5          17       9325       0
          6000       13     5          17       9325       0
          8000       12     1          17       9325       0
         10000       11     0          17       9325       0
         12000       12     0          17       9325       0
         14000       10     1          17       9325       0
         16000        9     0          17       9325       0
         18000        8     0          16       9550       0
         20000       12     1          15       9775       0
         22000       11     3          15       9775       0
         24000       15     3           5      10000       0
         26000       20     5          25       9775       0
         28000       19     2          65       9775       0
         30000       22     1         115       9775       0
         32000       23     3         154      10000       0
         34000       25     2         183      10000       0
         36000       25     3         218      10000       0
         38000       25     2         241      10000       0
         40000       30     2         294       9775       0
         42000       30     2         338       9100       0
         44000       33     2         393      10000       0
         46000       32     3         426       9325       0
         48000       24     2         437      10000       0
         50000       27     4         451       9550       0

-- zone haven (stations [6]) - fuel_starve=Stockout (RECORDED; either answer is a finding - OD-4) --
  window_close  traffic  robs  fuel_stock  price_max  alerts
          2000        0     0           0      10000       0
          4000        0     0           0      10000       0
          6000        0     0           0      10000       0
          8000        0     0           0      10000       0
         10000        0     0           0      10000       0
         12000        0     0           0      10000       0
         14000        0     0           0      10000       0
         16000        0     0           0      10000       0
         18000        0     0           0      10000       0
         20000        0     0           0      10000       0
         22000        0     0           0      10000       0
         24000        0     0           0      10000       0
         26000        0     0           0      10000       0
         28000        0     0           0      10000       0
         30000        0     0           0      10000       0
         32000        0     0           0      10000       0
         34000        0     0           0      10000       0
         36000        0     0           0      10000       0
         38000        0     0           0      10000       0
         40000        0     0           0      10000       0
         42000        0     0           0      10000       0
         44000        0     0           0      10000       0
         46000        0     0           0      10000       0
         48000        0     0           0      10000       0
         50000        0     0           0      10000       0

-- zone frontier (stations [7, 8, 9]) - fuel_starve=NoStockout (RECORDED; either answer is a finding - OD-4) --
  window_close  traffic  robs  fuel_stock  price_max  alerts
          2000        0     0          10      10000       0
          4000        0     0          10      10000       0
          6000        0     0          10      10000       0
          8000        0     0          10      10000       0
         10000        0     0          10      10000       0
         12000        0     0          10      10000       0
         14000        0     0          10      10000       0
         16000        0     0          10      10000       0
         18000        0     0          10      10000       0
         20000        0     0          10      10000       0
         22000        0     0          10      10000       0
         24000        0     0          10      10000       0
         26000        0     0          10      10000       0
         28000        0     0          10      10000       0
         30000        0     0          10      10000       0
         32000        0     0          10      10000       0
         34000        0     0          10      10000       0
         36000        0     0          10      10000       0
         38000        0     0          10      10000       0
         40000        0     0          10      10000       0
         42000        0     0          10      10000       0
         44000        0     0          10      10000       0
         46000        0     0          10      10000       0
         48000        3     2          10      10000       0
         50000        5     1          25      10000       0

-- per-row refuel fill share --
  row  refuels  units  median_fill_permille
    0        3      3                   961
    1        3      3                   980
    2        2      2                   961
    3        2      2                   943
    4        2      2                   943
    5        2      2                   961
    6        3      3                   909
    7        3      3                   961
    8        3      3                   980
    9        3      3                   961
   10        3      3                   980
   11        3      3                   961
   12        3      3                   980
   13        3      3                   980
   15        3      3                   961
   16        3      3                   943
   17        2      2                   980
   18        2      2                   943
   19        1      1                   925
  row-order rationing (RECORDED, never gated - PDR-0006): resolve_refuels fills in dense craft-row order; under scarce stock low rows drink first, so a fill-share gradient by row is a rationing artifact, not strategy.
